cam0:
  T_cam_imu:
  - [-0.9980357590411305, -0.026915248451175815, 0.056570249036100764, 0.04695379334578927]
  - [-0.027719723708970197, 0.9995247805856345, -0.013484432236392396, 0.08920999491195272]
  - [-0.05618042891161776, -0.015026057235714922, -0.9983075563228277, -0.6942341602534792]
  - [0.0, 0.0, 0.0, 1.0]
  camera_model: pinhole
  distortion_coeffs: [-0.38520221, -0.17140958, 0.0028299, -0.00238092]
  distortion_model: radtan
  intrinsics: [3350.78245834, 3341.99162279, 984.35697221, 544.3576334]
  resolution: [1920, 1080]
  rostopic: /cam0/nv12_decode_result
  timeshift_cam_imu: -0.018242978774804783
