cam0:
  T_cam_imu:
  - [-0.9902788255620332, -0.012087453527867649, 0.13857034715512911, 0.10142174653817336]
  - [-0.017611654335829136, 0.999095309258277, -0.038709077096519655, 0.11453431774671041]
  - [-0.13797708967446964, -0.040773232461023635, -0.9895958095301556, -1.3423800575423526]
  - [0.0, 0.0, 0.0, 1.0]
  camera_model: pinhole
  distortion_coeffs: [-0.3977224, 0.29071836, 0.00591589, -0.01207273]
  distortion_model: radtan
  intrinsics: [2877.90651896, 2902.08435221, 1306.35796374, 327.59050994]
  resolution: [1920, 1080]
  rostopic: /cam1/nv12_decode_result
  timeshift_cam_imu: -0.019826787357505378
