{
 "cells": [
  {
   "cell_type": "code",
   "execution_count": 1,
   "metadata": {},
   "outputs": [],
   "source": [
    "# for cleaning up after tests\n",
    "import os\n",
    "dir = \"../calibrate/stacks/\"\n",
    "for f in os.listdir(dir):\n",
    "    if \".bin\" in f:\n",
    "        os.remove(os.path.join(dir, f))"
   ]
  },
  {
   "cell_type": "code",
   "execution_count": 2,
   "metadata": {},
   "outputs": [],
   "source": [
    "# setup the dirs and things\n",
    "import os\n",
    "from dataclasses import dataclass\n",
    "\n",
    "@dataclass\n",
    "class Dir:\n",
    "    path: str\n",
    "    date: str\n",
    "    bag: str = None\n",
    "    clicks: str = None\n",
    "root = \"../calibrate\"\n",
    "data_dirs = []\n",
    "dir_files = Dir(root, \"test\")\n",
    "dir_files.bag = os.path.join(root, \"rtk-co-locate.bag\")\n",
    "dir_files.clicks = os.path.join(root, \"rtk-co-locate-click.csv\")\n",
    "data_dirs.append(dir_files)"
   ]
  },
  {
   "cell_type": "code",
   "execution_count": 3,
   "metadata": {},
   "outputs": [
    {
     "name": "stdout",
     "output_type": "stream",
     "text": [
      "[Dir(path='../calibrate', date='test', bag='../calibrate/rtk-co-locate.bag', clicks='../calibrate/rtk-co-locate-click.csv')]\n",
      "dumping stack\n",
      "did a pose thing\n",
      "[[ 1.11475454e-01 -9.93766426e-01  1.23006829e-03  5.83803042e+05]\n",
      " [ 9.93719859e-01  1.11457980e-01 -9.89750309e-03  4.09051137e+06]\n",
      " [ 9.69870534e-03  2.32567194e-03  9.99950262e-01  2.06330538e-01]\n",
      " [ 0.00000000e+00  0.00000000e+00  0.00000000e+00  1.00000000e+00]]\n",
      "added to parsed\n",
      "dumping stack\n",
      "did a pose thing\n",
      "[[ 1.11510220e-01 -9.93762533e-01  1.22450919e-03  5.83803051e+05]\n",
      " [ 9.93715958e-01  1.11492799e-01 -9.89702455e-03  4.09051137e+06]\n",
      " [ 9.69876823e-03  2.32043370e-03  9.99950274e-01  2.13318646e-01]\n",
      " [ 0.00000000e+00  0.00000000e+00  0.00000000e+00  1.00000000e+00]]\n",
      "added to parsed\n",
      "dumping stack\n",
      "did a pose thing\n",
      "[[ 1.12388627e-01 -9.93663605e-01  1.19855017e-03  5.83803051e+05]\n",
      " [ 9.93617087e-01  1.12371440e-01 -9.88653232e-03  4.09051137e+06]\n",
      " [ 9.68920454e-03  2.30203372e-03  9.99950409e-01  2.17323482e-01]\n",
      " [ 0.00000000e+00  0.00000000e+00  0.00000000e+00  1.00000000e+00]]\n",
      "added to parsed\n",
      "dumping stack\n",
      "did a pose thing\n",
      "[[ 1.13095623e-01 -9.93583430e-01  1.16076848e-03  5.83803042e+05]\n",
      " [ 9.93536795e-01  1.13078760e-01 -9.89095370e-03  4.09051136e+06]\n",
      " [ 9.69622945e-03  2.27188977e-03  9.99950410e-01  2.17564404e-01]\n",
      " [ 0.00000000e+00  0.00000000e+00  0.00000000e+00  1.00000000e+00]]\n",
      "added to parsed\n",
      "dumping stack\n",
      "did a pose thing\n",
      "[[ 1.13888468e-01 -9.93492901e-01  1.12829871e-03  5.83803051e+05]\n",
      " [ 9.93446341e-01  1.13871914e-01 -9.87699634e-03  4.09051137e+06]\n",
      " [ 9.68424421e-03  2.24578021e-03  9.99950585e-01  2.16517091e-01]\n",
      " [ 0.00000000e+00  0.00000000e+00  0.00000000e+00  1.00000000e+00]]\n",
      "added to parsed\n",
      "dumping stack\n",
      "did a pose thing\n",
      "[[ 1.14780158e-01 -9.93390308e-01  1.10028575e-03  5.83803042e+05]\n",
      " [ 9.93343052e-01  1.14763684e-01 -9.94378573e-03  4.09051136e+06]\n",
      " [ 9.75178753e-03  2.23431050e-03  9.99949954e-01  2.10726619e-01]\n",
      " [ 0.00000000e+00  0.00000000e+00  0.00000000e+00  1.00000000e+00]]\n",
      "added to parsed\n",
      "dumping stack\n",
      "did a pose thing\n",
      "[[ 1.15167198e-01 -9.93345551e-01  1.06473526e-03  5.83802998e+05]\n",
      " [ 9.93297886e-01  1.15150976e-01 -9.97807395e-03  4.09051133e+06]\n",
      " [ 9.78907005e-03  2.20674610e-03  9.99949651e-01  2.01457113e-01]\n",
      " [ 0.00000000e+00  0.00000000e+00  0.00000000e+00  1.00000000e+00]]\n",
      "added to parsed\n",
      "dumping stack\n",
      "did a pose thing\n",
      "[[ 1.14557390e-01 -9.93416005e-01  1.11581153e-03  5.83803025e+05]\n",
      " [ 9.93368786e-01  1.14540776e-01 -9.94315731e-03  4.09051134e+06]\n",
      " [ 9.74988569e-03  2.24747449e-03  9.99949943e-01  2.05083668e-01]\n",
      " [ 0.00000000e+00  0.00000000e+00  0.00000000e+00  1.00000000e+00]]\n",
      "added to parsed\n",
      "dumping stack\n",
      "did a pose thing\n",
      "[[ 1.12175259e-01 -9.93687751e-01  1.16821009e-03  5.83802935e+05]\n",
      " [ 9.93640597e-01  1.12158245e-01 -9.94444478e-03  4.09051137e+06]\n",
      " [ 9.75064858e-03  2.27630164e-03  9.99949870e-01  2.03599855e-01]\n",
      " [ 0.00000000e+00  0.00000000e+00  0.00000000e+00  1.00000000e+00]]\n",
      "added to parsed\n",
      "dumping stack\n",
      "did a pose thing\n",
      "[[ 1.11529122e-01 -9.93760428e-01  1.21072548e-03  5.83802873e+05]\n",
      " [ 9.93713711e-01  1.11511808e-01 -9.90841155e-03  4.09051138e+06]\n",
      " [ 9.71157712e-03  2.30819096e-03  9.99950178e-01  2.03886762e-01]\n",
      " [ 0.00000000e+00  0.00000000e+00  0.00000000e+00  1.00000000e+00]]\n",
      "added to parsed\n",
      "dumping stack\n",
      "did a pose thing\n",
      "[[ 1.11536575e-01 -9.93759630e-01  1.17942889e-03  5.83802882e+05]\n",
      " [ 9.93712591e-01  1.11519506e-01 -9.93405209e-03  4.09051132e+06]\n",
      " [ 9.74053060e-03  2.28002348e-03  9.99949961e-01  2.07319722e-01]\n",
      " [ 0.00000000e+00  0.00000000e+00  0.00000000e+00  1.00000000e+00]]\n",
      "added to parsed\n",
      "dumping stack\n",
      "did a pose thing\n",
      "[[ 1.12600019e-01 -9.93639698e-01  1.17770639e-03  5.83802882e+05]\n",
      " [ 9.93592845e-01  1.12582956e-01 -9.91650999e-03  4.09051132e+06]\n",
      " [ 9.72084832e-03  2.28675985e-03  9.99950137e-01  2.05834270e-01]\n",
      " [ 0.00000000e+00  0.00000000e+00  0.00000000e+00  1.00000000e+00]]\n",
      "added to parsed\n",
      "dumping stack\n",
      "did a pose thing\n",
      "[[ 1.12928798e-01 -9.93602383e-01  1.17917531e-03  5.83802821e+05]\n",
      " [ 9.93555343e-01  1.12911659e-01 -9.93671359e-03  4.09051125e+06]\n",
      " [ 9.73999967e-03  2.29371705e-03  9.99949934e-01  2.07995653e-01]\n",
      " [ 0.00000000e+00  0.00000000e+00  0.00000000e+00  1.00000000e+00]]\n",
      "added to parsed\n",
      "dumping stack\n",
      "did a pose thing\n",
      "[[ 1.13537146e-01 -9.93533035e-01  1.19361575e-03  5.83802927e+05]\n",
      " [ 9.93485987e-01  1.13519825e-01 -9.94195373e-03  4.09051135e+06]\n",
      " [ 9.74216041e-03  2.31462157e-03  9.99949865e-01  2.07320839e-01]\n",
      " [ 0.00000000e+00  0.00000000e+00  0.00000000e+00  1.00000000e+00]]\n",
      "added to parsed\n",
      "dumping stack\n",
      "did a pose thing\n",
      "[[ 1.13980788e-01 -9.93482166e-01  1.25174344e-03  5.83802918e+05]\n",
      " [ 9.93435224e-01  1.13962871e-01 -9.94579678e-03  4.09051135e+06]\n",
      " [ 9.73831944e-03  2.37715577e-03  9.99949756e-01  2.07516477e-01]\n",
      " [ 0.00000000e+00  0.00000000e+00  0.00000000e+00  1.00000000e+00]]\n",
      "added to parsed\n",
      "dumping stack\n",
      "did a pose thing\n",
      "[[ 1.12337052e-01 -9.93669350e-01  1.26905849e-03  5.83802927e+05]\n",
      " [ 9.93622525e-01  1.12319070e-01 -9.93502432e-03  4.09051136e+06]\n",
      " [ 9.72958968e-03  2.37703645e-03  9.99949841e-01  2.06567496e-01]\n",
      " [ 0.00000000e+00  0.00000000e+00  0.00000000e+00  1.00000000e+00]]\n",
      "added to parsed\n",
      "dumping stack\n",
      "did a pose thing\n",
      "[[ 1.10940476e-01 -9.93826254e-01  1.25992770e-03  5.83802891e+05]\n",
      " [ 9.93778705e-01  1.10922485e-01 -1.00043445e-02  4.09051132e+06]\n",
      " [ 9.80282589e-03  2.36197606e-03  9.99949162e-01  2.06178531e-01]\n",
      " [ 0.00000000e+00  0.00000000e+00  0.00000000e+00  1.00000000e+00]]\n",
      "added to parsed\n",
      "dumping stack\n",
      "did a pose thing\n",
      "[[ 1.10145982e-01 -9.93914549e-01  1.31619718e-03  5.83802999e+05]\n",
      " [ 9.93867240e-01  1.10127507e-01 -9.99209062e-03  4.09051120e+06]\n",
      " [ 9.78633472e-03  2.40871389e-03  9.99949212e-01  2.07697183e-01]\n",
      " [ 0.00000000e+00  0.00000000e+00  0.00000000e+00  1.00000000e+00]]\n",
      "added to parsed\n",
      "dumping stack\n",
      "did a pose thing\n",
      "[[ 1.10102817e-01 -9.93919291e-01  1.34662044e-03  5.83802894e+05]\n",
      " [ 9.93872045e-01  1.10084044e-01 -9.99308696e-03  4.09051101e+06]\n",
      " [ 9.78408047e-03  2.43863543e-03  9.99949161e-01  2.07858980e-01]\n",
      " [ 0.00000000e+00  0.00000000e+00  0.00000000e+00  1.00000000e+00]]\n",
      "added to parsed\n",
      "dumping stack\n",
      "did a pose thing\n",
      "[[ 1.10434729e-01 -9.93882492e-01  1.32738091e-03  5.83802938e+05]\n",
      " [ 9.93834714e-01  1.10416006e-01 -1.00432862e-02  4.09051112e+06]\n",
      " [ 9.83528220e-03  2.42832481e-03  9.99948684e-01  2.04709873e-01]\n",
      " [ 0.00000000e+00  0.00000000e+00  0.00000000e+00  1.00000000e+00]]\n",
      "added to parsed\n",
      "dumping stack\n",
      "did a pose thing\n",
      "[[ 1.10177622e-01 -9.93911004e-01  1.34448909e-03  5.83803035e+05]\n",
      " [ 9.93863369e-01  1.10158770e-01 -1.00324040e-02  4.09051118e+06]\n",
      " [ 9.82320950e-03  2.44158487e-03  9.99948770e-01  2.06646040e-01]\n",
      " [ 0.00000000e+00  0.00000000e+00  0.00000000e+00  1.00000000e+00]]\n",
      "added to parsed\n",
      "dumping stack\n",
      "did a pose thing\n",
      "[[ 1.12049880e-01 -9.93701694e-01  1.32950840e-03  5.83803116e+05]\n",
      " [ 9.93653665e-01  1.12030988e-01 -1.00723375e-02  4.09051113e+06]\n",
      " [ 9.85995269e-03  2.44967510e-03  9.99948389e-01  2.06447124e-01]\n",
      " [ 0.00000000e+00  0.00000000e+00  0.00000000e+00  1.00000000e+00]]\n",
      "added to parsed\n",
      "dumping stack\n",
      "did a pose thing\n",
      "[[ 1.12029038e-01 -9.93703989e-01  1.36997474e-03  5.83803116e+05]\n",
      " [ 9.93655831e-01  1.12009690e-01 -1.00955305e-02  4.09051113e+06]\n",
      " [ 9.87851848e-03  2.49227595e-03  9.99948100e-01  2.04461023e-01]\n",
      " [ 0.00000000e+00  0.00000000e+00  0.00000000e+00  1.00000000e+00]]\n",
      "added to parsed\n",
      "dumping stack\n",
      "did a pose thing\n",
      "[[ 1.12987796e-01 -9.93595435e-01  1.36760029e-03  5.83803116e+05]\n",
      " [ 9.93546859e-01  1.12968316e-01 -1.01389770e-02  4.09051113e+06]\n",
      " [ 9.91954577e-03  2.50435563e-03  9.99947664e-01  2.06443593e-01]\n",
      " [ 0.00000000e+00  0.00000000e+00  0.00000000e+00  1.00000000e+00]]\n",
      "added to parsed\n",
      "dumping stack\n",
      "did a pose thing\n",
      "[[ 1.12960486e-01 -9.93598505e-01  1.39241879e-03  5.83803116e+05]\n",
      " [ 9.93550043e-01  1.12940775e-01 -1.01337672e-02  4.09051111e+06]\n",
      " [ 9.91163509e-03  2.52815302e-03  9.99947683e-01  2.06141979e-01]\n",
      " [ 0.00000000e+00  0.00000000e+00  0.00000000e+00  1.00000000e+00]]\n",
      "added to parsed\n",
      "dumping stack\n",
      "did a pose thing\n",
      "[[ 1.12620117e-01 -9.93637207e-01  1.34530923e-03  5.83803099e+05]\n",
      " [ 9.93588185e-01  1.12600781e-01 -1.01775898e-02  4.09051106e+06]\n",
      " [ 9.96134903e-03  2.48288470e-03  9.99947302e-01  2.04866275e-01]\n",
      " [ 0.00000000e+00  0.00000000e+00  0.00000000e+00  1.00000000e+00]]\n",
      "added to parsed\n",
      "dumping stack\n",
      "did a pose thing\n",
      "[[ 1.12949180e-01 -9.93599855e-01  1.34593516e-03  5.83803089e+05]\n",
      " [ 9.93550665e-01  1.12929778e-01 -1.01951698e-02  4.09051113e+06]\n",
      " [ 9.97792312e-03  2.48879084e-03  9.99947122e-01  2.05323130e-01]\n",
      " [ 0.00000000e+00  0.00000000e+00  0.00000000e+00  1.00000000e+00]]\n",
      "added to parsed\n",
      "dumping stack\n",
      "did a pose thing\n",
      "[[ 1.12941350e-01 -9.93600714e-01  1.36867626e-03  5.83803062e+05]\n",
      " [ 9.93551663e-01  1.12921743e-01 -1.01869145e-02  4.09051113e+06]\n",
      " [ 9.96717221e-03  2.51037446e-03  9.99947175e-01  2.06326798e-01]\n",
      " [ 0.00000000e+00  0.00000000e+00  0.00000000e+00  1.00000000e+00]]\n",
      "added to parsed\n",
      "dumping stack\n",
      "did a pose thing\n",
      "[[ 1.13190342e-01 -9.93572500e-01  1.27806913e-03  5.83803062e+05]\n",
      " [ 9.93522913e-01  1.13171548e-01 -1.02187220e-02  4.09051113e+06]\n",
      " [ 1.00084001e-02  2.42645160e-03  9.99946971e-01  2.05259845e-01]\n",
      " [ 0.00000000e+00  0.00000000e+00  0.00000000e+00  1.00000000e+00]]\n",
      "added to parsed\n",
      "dumping stack\n",
      "did a pose thing\n",
      "[[ 1.13128436e-01 -9.93579544e-01  1.28312343e-03  5.83803062e+05]\n",
      " [ 9.93529584e-01  1.13109502e-01 -1.02570012e-02  4.09051113e+06]\n",
      " [ 1.00460132e-02  2.43517960e-03  9.99946572e-01  2.06045762e-01]\n",
      " [ 0.00000000e+00  0.00000000e+00  0.00000000e+00  1.00000000e+00]]\n",
      "added to parsed\n",
      "dumping stack\n",
      "did a pose thing\n",
      "[[ 1.13259115e-01 -9.93564692e-01  1.25500742e-03  5.83803000e+05]\n",
      " [ 9.93514982e-01  1.13240532e-01 -1.02255645e-02  4.09051113e+06]\n",
      " [ 1.00176422e-02  2.40500706e-03  9.99946930e-01  2.07794696e-01]\n",
      " [ 0.00000000e+00  0.00000000e+00  0.00000000e+00  1.00000000e+00]]\n",
      "added to parsed\n",
      "dumping stack\n",
      "did a pose thing\n",
      "[[ 1.13624181e-01 -9.93523063e-01  1.21181101e-03  5.83802982e+05]\n",
      " [ 9.93473587e-01  1.13606091e-01 -1.01925148e-02  4.09051114e+06]\n",
      " [ 9.98882939e-03  2.36201837e-03  9.99947321e-01  2.08775550e-01]\n",
      " [ 0.00000000e+00  0.00000000e+00  0.00000000e+00  1.00000000e+00]]\n",
      "added to parsed\n",
      "dumping stack\n",
      "did a pose thing\n",
      "[[ 1.14382069e-01 -9.93436182e-01  1.13762974e-03  5.83803054e+05]\n",
      " [ 9.93385836e-01  1.14364519e-01 -1.02634511e-02  4.09051113e+06]\n",
      " [ 1.00659792e-02  2.30406005e-03  9.99946682e-01  2.06167564e-01]\n",
      " [ 0.00000000e+00  0.00000000e+00  0.00000000e+00  1.00000000e+00]]\n",
      "added to parsed\n",
      "dumping stack\n",
      "did a pose thing\n",
      "[[ 1.14976203e-01 -9.93367523e-01  1.19838653e-03  5.83803054e+05]\n",
      " [ 9.93319425e-01  1.14958508e-01 -1.00528885e-02  4.09051113e+06]\n",
      " [ 9.84844818e-03  2.34622356e-03  9.99948750e-01  2.06631228e-01]\n",
      " [ 0.00000000e+00  0.00000000e+00  0.00000000e+00  1.00000000e+00]]\n",
      "added to parsed\n",
      "dumping stack\n",
      "did a pose thing\n",
      "[[ 1.15335813e-01 -9.93325860e-01  1.17746536e-03  5.83803035e+05]\n",
      " [ 9.93275812e-01  1.15317858e-01 -1.02446951e-02  4.09051116e+06]\n",
      " [ 1.00405378e-02  2.35112810e-03  9.99946828e-01  2.09964916e-01]\n",
      " [ 0.00000000e+00  0.00000000e+00  0.00000000e+00  1.00000000e+00]]\n",
      "added to parsed\n",
      "dumping stack\n",
      "did a pose thing\n",
      "[[ 1.16087015e-01 -9.93238382e-01  1.14960300e-03  5.83803160e+05]\n",
      " [ 9.93184436e-01  1.16068417e-01 -1.06206929e-02  4.09051112e+06]\n",
      " [ 1.04154472e-02  2.37469233e-03  9.99942938e-01  2.07922280e-01]\n",
      " [ 0.00000000e+00  0.00000000e+00  0.00000000e+00  1.00000000e+00]]\n",
      "added to parsed\n",
      "dumping stack\n",
      "did a pose thing\n",
      "[[ 1.15173085e-01 -9.93344954e-01  9.80978478e-04  5.83803125e+05]\n",
      " [ 9.93294775e-01  1.15157181e-01 -1.02134480e-02  4.09051112e+06]\n",
      " [ 1.00325104e-02  2.15071511e-03  9.99947360e-01  2.12616056e-01]\n",
      " [ 0.00000000e+00  0.00000000e+00  0.00000000e+00  1.00000000e+00]]\n",
      "added to parsed\n",
      "dumping stack\n",
      "did a pose thing\n",
      "[[ 1.16720701e-01 -9.93164381e-01  8.88641032e-04  5.83803107e+05]\n",
      " [ 9.93116703e-01  1.16706201e-01 -9.94371198e-03  4.09051113e+06]\n",
      " [ 9.77203063e-03  2.04316129e-03  9.99950165e-01  1.86964706e-01]\n",
      " [ 0.00000000e+00  0.00000000e+00  0.00000000e+00  1.00000000e+00]]\n",
      "added to parsed\n",
      "dumping stack\n",
      "did a pose thing\n",
      "[[ 1.16804352e-01 -9.93154578e-01  8.53446256e-04  5.83803107e+05]\n",
      " [ 9.93106363e-01  1.16790096e-01 -9.99125120e-03  4.09051112e+06]\n",
      " [ 9.82318279e-03  2.01458453e-03  9.99949722e-01  1.94433451e-01]\n",
      " [ 0.00000000e+00  0.00000000e+00  0.00000000e+00  1.00000000e+00]]\n",
      "added to parsed\n",
      "dumping stack\n",
      "did a pose thing\n",
      "[[ 1.16441984e-01 -9.93196993e-01  9.98612079e-04  5.83803072e+05]\n",
      " [ 9.93148679e-01  1.16426233e-01 -1.00315927e-02  4.09051110e+06]\n",
      " [ 9.84708310e-03  2.15986882e-03  9.99949184e-01  2.08829373e-01]\n",
      " [ 0.00000000e+00  0.00000000e+00  0.00000000e+00  1.00000000e+00]]\n",
      "added to parsed\n",
      "dumping stack\n",
      "did a pose thing\n",
      "[[ 1.15918303e-01 -9.93258577e-01  5.88380055e-04  5.83802966e+05]\n",
      " [ 9.93210380e-01  1.15906791e-01 -9.93766329e-03  4.09051098e+06]\n",
      " [ 9.80247205e-03  1.73634224e-03  9.99950447e-01  2.09300354e-01]\n",
      " [ 0.00000000e+00  0.00000000e+00  0.00000000e+00  1.00000000e+00]]\n",
      "added to parsed\n",
      "dumping stack\n",
      "did a pose thing\n",
      "[[ 1.16402591e-01 -9.93201990e-01  4.92929896e-04  5.83802939e+05]\n",
      " [ 9.93157026e-01  1.16392564e-01 -9.58609226e-03  4.09051104e+06]\n",
      " [ 9.46355254e-03  1.60540277e-03  9.99953931e-01  2.04997391e-01]\n",
      " [ 0.00000000e+00  0.00000000e+00  0.00000000e+00  1.00000000e+00]]\n",
      "added to parsed\n",
      "dumping stack\n",
      "did a pose thing\n",
      "[[ 1.16119561e-01 -9.93234975e-01  7.30093945e-04  5.83802929e+05]\n",
      " [ 9.93186759e-01  1.16106598e-01 -9.96588947e-03  4.09051112e+06]\n",
      " [ 9.81370125e-03  1.88235435e-03  9.99950073e-01  2.03475580e-01]\n",
      " [ 0.00000000e+00  0.00000000e+00  0.00000000e+00  1.00000000e+00]]\n",
      "added to parsed\n",
      "dumping stack\n",
      "did a pose thing\n",
      "[[ 1.17065603e-01 -9.93123695e-01  9.85455766e-04  5.83802929e+05]\n",
      " [ 9.93079656e-01  1.17050900e-01 -9.58556314e-03  4.09051115e+06]\n",
      " [ 9.40430140e-03  2.10077580e-03  9.99953572e-01  1.97192296e-01]\n",
      " [ 0.00000000e+00  0.00000000e+00  0.00000000e+00  1.00000000e+00]]\n",
      "added to parsed\n",
      "dumping stack\n",
      "did a pose thing\n",
      "[[ 1.16198660e-01 -9.93225722e-01  7.33083479e-04  5.83802928e+05]\n",
      " [ 9.93185083e-01  1.16187144e-01 -9.16177316e-03  4.09051119e+06]\n",
      " [ 9.01453388e-03  1.79267334e-03  9.99957761e-01  1.94058701e-01]\n",
      " [ 0.00000000e+00  0.00000000e+00  0.00000000e+00  1.00000000e+00]]\n",
      "added to parsed\n",
      "dumping stack\n",
      "did a pose thing\n",
      "[[ 1.16733979e-01 -9.93162817e-01  8.93213201e-04  5.83802937e+05]\n",
      " [ 9.93121101e-01  1.16720698e-01 -9.31431455e-03  4.09051121e+06]\n",
      " [ 9.14637440e-03  1.97436587e-03  9.99956222e-01  2.09097460e-01]\n",
      " [ 0.00000000e+00  0.00000000e+00  0.00000000e+00  1.00000000e+00]]\n",
      "added to parsed\n",
      "dumping stack\n",
      "did a pose thing\n",
      "[[ 1.16643067e-01 -9.93173609e-01  7.60057408e-04  5.83802937e+05]\n",
      " [ 9.93129350e-01  1.16630552e-01 -9.56082531e-03  4.09051121e+06]\n",
      " [ 9.40691346e-03  1.87003930e-03  9.99954005e-01  2.13637769e-01]\n",
      " [ 0.00000000e+00  0.00000000e+00  0.00000000e+00  1.00000000e+00]]\n",
      "added to parsed\n",
      "dumping stack\n",
      "did a pose thing\n",
      "[[ 1.16837590e-01 -9.93150823e-01  6.47814508e-04  5.83802937e+05]\n",
      " [ 9.93107294e-01  1.16826297e-01 -9.46146559e-03  4.09051122e+06]\n",
      " [ 9.32098057e-03  1.74880415e-03  9.99955029e-01  2.17446685e-01]\n",
      " [ 0.00000000e+00  0.00000000e+00  0.00000000e+00  1.00000000e+00]]\n",
      "added to parsed\n",
      "dumping stack\n",
      "did a pose thing\n",
      "[[ 1.16918759e-01 -9.93141275e-01  6.41756088e-04  5.83802937e+05]\n",
      " [ 9.93090731e-01  1.16906227e-01 -1.01849525e-02  4.09051124e+06]\n",
      " [ 1.00400714e-02  1.82813402e-03  9.99947926e-01  2.04232842e-01]\n",
      " [ 0.00000000e+00  0.00000000e+00  0.00000000e+00  1.00000000e+00]]\n",
      "added to parsed\n",
      "dumping stack\n",
      "did a pose thing\n",
      "[[ 1.15900722e-01 -9.93260188e-01 -1.10523902e-03  5.83802937e+05]\n",
      " [ 9.93072136e-01  1.15900323e-01 -1.93609896e-02  4.09051124e+06]\n",
      " [ 1.93585977e-02  1.14637059e-03  9.99811948e-01  2.13310808e-01]\n",
      " [ 0.00000000e+00  0.00000000e+00  0.00000000e+00  1.00000000e+00]]\n",
      "added to parsed\n",
      "dumping stack\n",
      "did a pose thing\n",
      "[[ 9.37995902e-02 -9.95506416e-01 -1.29850842e-02  5.83802946e+05]\n",
      " [ 9.91936571e-01  9.45638202e-02 -8.43772622e-02  4.09051119e+06]\n",
      " [ 8.52260251e-02 -4.96582727e-03  9.96349269e-01  2.29412466e-01]\n",
      " [ 0.00000000e+00  0.00000000e+00  0.00000000e+00  1.00000000e+00]]\n",
      "added to parsed\n",
      "dumping stack\n",
      "did a pose thing\n",
      "[[ 8.83887866e-02 -9.96042817e-01  9.28060775e-03  5.83802956e+05]\n",
      " [ 9.95920669e-01  8.82005005e-02 -1.90444990e-02  4.09051113e+06]\n",
      " [ 1.81505822e-02  1.09260692e-02  9.99775564e-01  3.42271984e-01]\n",
      " [ 0.00000000e+00  0.00000000e+00  0.00000000e+00  1.00000000e+00]]\n",
      "added to parsed\n",
      "dumping stack\n",
      "did a pose thing\n",
      "[[ 9.34923340e-02 -9.95372667e-01  2.21909213e-02  5.83802956e+05]\n",
      " [ 9.94517682e-01  9.44141579e-02  4.49504921e-02  4.09051109e+06]\n",
      " [-4.68376284e-02  1.78667372e-02  9.98742718e-01  6.23284340e-01]\n",
      " [ 0.00000000e+00  0.00000000e+00  0.00000000e+00  1.00000000e+00]]\n",
      "added to parsed\n",
      "dumping stack\n",
      "did a pose thing\n",
      "[[ 9.67304497e-02 -9.95223721e-01  1.31516513e-02  5.83802956e+05]\n",
      " [ 9.94228134e-01  9.72329092e-02  4.53451132e-02  4.09051109e+06]\n",
      " [-4.64073056e-02  8.68948858e-03  9.98884806e-01  8.70730698e-01]\n",
      " [ 0.00000000e+00  0.00000000e+00  0.00000000e+00  1.00000000e+00]]\n",
      "added to parsed\n",
      "dumping stack\n",
      "did a pose thing\n",
      "[[ 9.59803901e-02 -9.95343258e-01 -8.91985656e-03  5.83802939e+05]\n",
      " [ 9.94966093e-01  9.56769105e-02  2.98060771e-02  4.09051101e+06]\n",
      " [-2.88138536e-02 -1.17357537e-02  9.99515900e-01  1.39115357e+00]\n",
      " [ 0.00000000e+00  0.00000000e+00  0.00000000e+00  1.00000000e+00]]\n",
      "added to parsed\n",
      "dumping stack\n",
      "did a pose thing\n",
      "[[ 9.41216985e-02 -9.95417115e-01  1.69077718e-02  5.83802921e+05]\n",
      " [ 9.95235171e-01  9.45116210e-02  2.39688874e-02  4.09051099e+06]\n",
      " [-2.54570216e-02  1.45712168e-02  9.99569717e-01  1.90684080e+00]\n",
      " [ 0.00000000e+00  0.00000000e+00  0.00000000e+00  1.00000000e+00]]\n",
      "added to parsed\n",
      "dumping stack\n",
      "did a pose thing\n",
      "[[ 9.56249764e-02 -9.95063563e-01  2.65399576e-02  5.83802912e+05]\n",
      " [ 9.94989930e-01  9.63312503e-02  2.67456563e-02  4.09051099e+06]\n",
      " [-2.91702554e-02  2.38494378e-02  9.99289898e-01  2.17640781e+00]\n",
      " [ 0.00000000e+00  0.00000000e+00  0.00000000e+00  1.00000000e+00]]\n",
      "added to parsed\n",
      "dumping stack\n",
      "did a pose thing\n",
      "[[ 1.02418338e-01 -9.94610003e-01  1.61686394e-02  5.83802886e+05]\n",
      " [ 9.94584165e-01  1.02677623e-01  1.61135120e-02  4.09051101e+06]\n",
      " [-1.76868177e-02  1.44307536e-02  9.99739431e-01  2.55133438e+00]\n",
      " [ 0.00000000e+00  0.00000000e+00  0.00000000e+00  1.00000000e+00]]\n",
      "added to parsed\n",
      "dumping stack\n",
      "did a pose thing\n",
      "[[ 1.04496040e-01 -9.94364945e-01  1.78587072e-02  5.83802876e+05]\n",
      " [ 9.94491739e-01  1.04328139e-01 -1.00905809e-02  4.09051103e+06]\n",
      " [ 8.17055425e-03  1.88147625e-02  9.99789601e-01  2.72986650e+00]\n",
      " [ 0.00000000e+00  0.00000000e+00  0.00000000e+00  1.00000000e+00]]\n",
      "added to parsed\n",
      "dumping stack\n",
      "did a pose thing\n",
      "[[ 1.03859723e-01 -9.94434640e-01  1.76891146e-02  5.83802885e+05]\n",
      " [ 9.94459242e-01  1.03538905e-01 -1.81799682e-02  4.09051104e+06]\n",
      " [ 1.62472786e-02  1.94792700e-02  9.99678240e-01  2.78969574e+00]\n",
      " [ 0.00000000e+00  0.00000000e+00  0.00000000e+00  1.00000000e+00]]\n",
      "added to parsed\n",
      "dumping stack\n",
      "did a pose thing\n",
      "[[ 1.03179211e-01 -9.94565665e-01  1.38992588e-02  5.83802876e+05]\n",
      " [ 9.94565555e-01  1.02963674e-01 -1.54219880e-02  4.09051106e+06]\n",
      " [ 1.39070610e-02  1.54149526e-02  9.99784463e-01  2.81735015e+00]\n",
      " [ 0.00000000e+00  0.00000000e+00  0.00000000e+00  1.00000000e+00]]\n",
      "added to parsed\n",
      "dumping stack\n",
      "did a pose thing\n",
      "[[ 9.61325095e-02 -9.95315649e-01  1.02615922e-02  5.83802885e+05]\n",
      " [ 9.95215804e-01  9.59320512e-02 -1.85079488e-02  4.09051110e+06]\n",
      " [ 1.74368355e-02  1.19917143e-02  9.99776053e-01  2.81020474e+00]\n",
      " [ 0.00000000e+00  0.00000000e+00  0.00000000e+00  1.00000000e+00]]\n",
      "added to parsed\n",
      "dumping stack\n",
      "did a pose thing\n",
      "[[ 2.66092429e-03 -9.99933227e-01  1.12454729e-02  5.83802884e+05]\n",
      " [ 9.99915260e-01  2.51723410e-03 -1.27724981e-02  4.09051112e+06]\n",
      " [ 1.27433377e-02  1.12785067e-02  9.99855191e-01  2.77993917e+00]\n",
      " [ 0.00000000e+00  0.00000000e+00  0.00000000e+00  1.00000000e+00]]\n",
      "added to parsed\n",
      "dumping stack\n",
      "did a pose thing\n",
      "[[-5.58540165e-02 -9.98438726e-01  6.63167067e-04  5.83802893e+05]\n",
      " [ 9.98408653e-01 -5.58574835e-02 -7.75261562e-03  4.09051113e+06]\n",
      " [ 7.77755451e-03  2.29097017e-04  9.99969728e-01  2.77399755e+00]\n",
      " [ 0.00000000e+00  0.00000000e+00  0.00000000e+00  1.00000000e+00]]\n",
      "added to parsed\n",
      "dumping stack\n",
      "did a pose thing\n",
      "[[-2.36081757e-01 -9.71730764e-01 -2.17393673e-03  5.83802893e+05]\n",
      " [ 9.71727773e-01 -2.36072374e-01 -3.86901889e-03  4.09051115e+06]\n",
      " [ 3.24643827e-03 -3.02587948e-03  9.99990152e-01  2.76671600e+00]\n",
      " [ 0.00000000e+00  0.00000000e+00  0.00000000e+00  1.00000000e+00]]\n",
      "added to parsed\n",
      "dumping stack\n",
      "did a pose thing\n",
      "[[-3.22585256e-01 -9.46506822e-01  7.97427975e-03  5.83802893e+05]\n",
      " [ 9.46521019e-01 -3.22621128e-01 -3.68355119e-03  4.09051115e+06]\n",
      " [ 6.05917746e-03  6.35956409e-03  9.99961420e-01  2.76446462e+00]\n",
      " [ 0.00000000e+00  0.00000000e+00  0.00000000e+00  1.00000000e+00]]\n",
      "added to parsed\n",
      "dumping stack\n",
      "did a pose thing\n",
      "[[-5.56357912e-01 -8.30887783e-01  9.55850442e-03  5.83802884e+05]\n",
      " [ 8.30939184e-01 -5.56284948e-01  9.33434180e-03  4.09051118e+06]\n",
      " [-2.43853844e-03  1.31357708e-02  9.99910749e-01  2.78106332e+00]\n",
      " [ 0.00000000e+00  0.00000000e+00  0.00000000e+00  1.00000000e+00]]\n",
      "added to parsed\n",
      "dumping stack\n",
      "did a pose thing\n",
      "[[-6.01081704e-01 -7.99164878e-01  6.02350716e-03  5.83802875e+05]\n",
      " [ 7.99186646e-01 -6.01052422e-01  6.05731109e-03  4.09051116e+06]\n",
      " [-1.22034671e-03  8.45484536e-03  9.99963513e-01  2.78997183e+00]\n",
      " [ 0.00000000e+00  0.00000000e+00  0.00000000e+00  1.00000000e+00]]\n",
      "added to parsed\n",
      "dumping stack\n",
      "did a pose thing\n",
      "[[-6.19137747e-01 -7.84670369e-01 -3.09977745e-02  5.83802866e+05]\n",
      " [ 7.83609451e-01 -6.19912468e-01  4.08014772e-02  4.09051116e+06]\n",
      " [-5.12316171e-02  9.71585634e-04  9.98686326e-01  2.78889179e+00]\n",
      " [ 0.00000000e+00  0.00000000e+00  0.00000000e+00  1.00000000e+00]]\n",
      "added to parsed\n",
      "dumping stack\n",
      "did a pose thing\n",
      "[[-6.18567611e-01 -7.83607915e-01 -5.77299325e-02  5.83802830e+05]\n",
      " [ 7.76069083e-01 -6.20796605e-01  1.11033116e-01  4.09051119e+06]\n",
      " [-1.22844975e-01  2.38790737e-02  9.92138550e-01  2.80547166e+00]\n",
      " [ 0.00000000e+00  0.00000000e+00  0.00000000e+00  1.00000000e+00]]\n",
      "added to parsed\n",
      "dumping stack\n",
      "did a pose thing\n",
      "[[-6.20624865e-01 -7.83593216e-01 -2.83980387e-02  5.83802777e+05]\n",
      " [ 7.79321653e-01 -6.20427475e-01  8.79062502e-02  4.09051122e+06]\n",
      " [-8.65016647e-02  3.24255981e-02  9.95723879e-01  2.79911685e+00]\n",
      " [ 0.00000000e+00  0.00000000e+00  0.00000000e+00  1.00000000e+00]]\n",
      "added to parsed\n",
      "dumping stack\n",
      "did a pose thing\n",
      "[[-6.21669089e-01 -7.83124784e-01 -1.55921829e-02  5.83802696e+05]\n",
      " [ 7.81509032e-01 -6.21478462e-01  5.48466395e-02  4.09051131e+06]\n",
      " [-5.26419686e-02  2.19110287e-02  9.98373041e-01  2.81204271e+00]\n",
      " [ 0.00000000e+00  0.00000000e+00  0.00000000e+00  1.00000000e+00]]\n",
      "added to parsed\n",
      "dumping stack\n",
      "did a pose thing\n",
      "[[-6.22929582e-01 -7.81822897e-01 -2.66775937e-02  5.83802588e+05]\n",
      " [ 7.80186560e-01 -6.23394842e-01  5.18440245e-02  4.09051135e+06]\n",
      " [-5.71635197e-02  1.14816765e-02  9.98298805e-01  2.81068826e+00]\n",
      " [ 0.00000000e+00  0.00000000e+00  0.00000000e+00  1.00000000e+00]]\n",
      "added to parsed\n",
      "dumping stack\n",
      "did a pose thing\n",
      "[[-6.31664701e-01 -7.74846599e-01 -2.47478018e-02  5.83802552e+05]\n",
      " [ 7.73551604e-01 -6.32073141e-01  4.58416906e-02  4.09051142e+06]\n",
      " [-5.11626989e-02  9.81287599e-03  9.98642121e-01  2.81507134e+00]\n",
      " [ 0.00000000e+00  0.00000000e+00  0.00000000e+00  1.00000000e+00]]\n",
      "added to parsed\n",
      "dumping stack\n",
      "did a pose thing\n",
      "[[-6.50055357e-01 -7.59851575e-01 -7.32231724e-03  5.83802408e+05]\n",
      " [ 7.59418713e-01 -6.49962907e-01  2.88346534e-02  4.09051158e+06]\n",
      " [-2.66692914e-02  1.31834162e-02  9.99557375e-01  2.82654023e+00]\n",
      " [ 0.00000000e+00  0.00000000e+00  0.00000000e+00  1.00000000e+00]]\n",
      "added to parsed\n",
      "dumping stack\n",
      "did a pose thing\n",
      "[[-6.84322363e-01 -7.28968383e-01 -1.75499054e-02  5.83802273e+05]\n",
      " [ 7.28916074e-01 -6.84523900e-01  1.04109049e-02  4.09051175e+06]\n",
      " [-1.96025502e-02 -5.66799311e-03  9.99791785e-01  2.82004571e+00]\n",
      " [ 0.00000000e+00  0.00000000e+00  0.00000000e+00  1.00000000e+00]]\n",
      "added to parsed\n",
      "dumping stack\n",
      "did a pose thing\n",
      "[[-7.08015673e-01 -7.06106152e-01 -1.13096972e-02  5.83802192e+05]\n",
      " [ 7.06087304e-01 -7.08097092e-01  6.26320996e-03  4.09051183e+06]\n",
      " [-1.24308548e-02 -3.55118281e-03  9.99916428e-01  2.83080792e+00]\n",
      " [ 0.00000000e+00  0.00000000e+00  0.00000000e+00  1.00000000e+00]]\n",
      "added to parsed\n",
      "dumping stack\n",
      "did a pose thing\n",
      "[[-7.25517132e-01 -6.85796457e-01  5.75161741e-02  5.83802066e+05]\n",
      " [ 6.85555051e-01 -7.27521855e-01 -2.69485188e-02  4.09051200e+06]\n",
      " [ 6.03254724e-02  1.98788916e-02  9.97980795e-01  2.83410382e+00]\n",
      " [ 0.00000000e+00  0.00000000e+00  0.00000000e+00  1.00000000e+00]]\n",
      "added to parsed\n",
      "dumping stack\n",
      "did a pose thing\n",
      "[[-7.25517132e-01 -6.85796457e-01  5.75161741e-02  5.83802066e+05]\n",
      " [ 6.85555051e-01 -7.27521855e-01 -2.69485188e-02  4.09051200e+06]\n",
      " [ 6.03254724e-02  1.98788916e-02  9.97980795e-01  2.83410382e+00]\n",
      " [ 0.00000000e+00  0.00000000e+00  0.00000000e+00  1.00000000e+00]]\n",
      "added to parsed\n",
      "dumping stack\n",
      "did a pose thing\n",
      "[[-7.33449956e-01 -6.78427912e-01  4.22697320e-02  5.83801940e+05]\n",
      " [ 6.75577763e-01 -7.34418265e-01 -6.49961388e-02  4.09051211e+06]\n",
      " [ 7.51388580e-02 -1.91149242e-02  9.96989855e-01  2.83304954e+00]\n",
      " [ 0.00000000e+00  0.00000000e+00  0.00000000e+00  1.00000000e+00]]\n",
      "added to parsed\n",
      "dumping stack\n",
      "did a pose thing\n",
      "[[-7.34430963e-01 -6.78066939e-01  2.89203533e-02  5.83801921e+05]\n",
      " [ 6.76267585e-01 -7.34744203e-01 -5.30387591e-02  4.09051219e+06]\n",
      " [ 5.72128910e-02 -1.93954094e-02  9.98173584e-01  2.83316588e+00]\n",
      " [ 0.00000000e+00  0.00000000e+00  0.00000000e+00  1.00000000e+00]]\n",
      "added to parsed\n",
      "dumping stack\n",
      "did a pose thing\n",
      "[[-7.42165322e-01 -6.69924341e-01  1.97993039e-02  5.83801903e+05]\n",
      " [ 6.68647661e-01 -7.42124860e-01 -4.64865413e-02  4.09051225e+06]\n",
      " [ 4.58360212e-02 -2.12619407e-02  9.98722679e-01  2.84881663e+00]\n",
      " [ 0.00000000e+00  0.00000000e+00  0.00000000e+00  1.00000000e+00]]\n",
      "added to parsed\n",
      "dumping stack\n",
      "did a pose thing\n",
      "[[-7.71876845e-01 -6.35525388e-01 -1.77092206e-02  5.83801893e+05]\n",
      " [ 6.35767173e-01 -7.71680805e-01 -1.75737191e-02  4.09051231e+06]\n",
      " [-2.49732098e-03 -2.48236879e-02  9.99688726e-01  2.86852932e+00]\n",
      " [ 0.00000000e+00  0.00000000e+00  0.00000000e+00  1.00000000e+00]]\n",
      "added to parsed\n",
      "dumping stack\n",
      "did a pose thing\n",
      "[[-7.73552180e-01 -6.32435813e-01 -4.05211962e-02  5.83801902e+05]\n",
      " [ 6.32754159e-01 -7.74329120e-01  6.04888208e-03  4.09051233e+06]\n",
      " [-3.52022719e-02 -2.09608295e-02  9.99160369e-01  2.87606621e+00]\n",
      " [ 0.00000000e+00  0.00000000e+00  0.00000000e+00  1.00000000e+00]]\n",
      "added to parsed\n",
      "dumping stack\n",
      "did a pose thing\n",
      "[[-7.68173335e-01 -6.34460599e-01 -8.58456511e-02  5.83801893e+05]\n",
      " [ 6.32607715e-01 -7.72804175e-01  5.08053810e-02  4.09051234e+06]\n",
      " [-9.85758900e-02 -1.52792822e-02  9.95012230e-01  2.87342858e+00]\n",
      " [ 0.00000000e+00  0.00000000e+00  0.00000000e+00  1.00000000e+00]]\n",
      "added to parsed\n",
      "dumping stack\n",
      "did a pose thing\n",
      "[[-7.68828073e-01 -6.34882982e-01 -7.63347394e-02  5.83801848e+05]\n",
      " [ 6.33065256e-01 -7.72536461e-01  4.91507694e-02  4.09051240e+06]\n",
      " [-9.01763565e-02 -1.05363800e-02  9.95870077e-01  2.87280130e+00]\n",
      " [ 0.00000000e+00  0.00000000e+00  0.00000000e+00  1.00000000e+00]]\n",
      "added to parsed\n",
      "dumping stack\n",
      "did a pose thing\n",
      "[[-7.73324982e-01 -6.31980572e-01 -5.06855803e-02  5.83801785e+05]\n",
      " [ 6.31462737e-01 -7.74911794e-01  2.76861485e-02  4.09051249e+06]\n",
      " [-5.67739619e-02 -1.05956649e-02  9.98330832e-01  2.88171911e+00]\n",
      " [ 0.00000000e+00  0.00000000e+00  0.00000000e+00  1.00000000e+00]]\n",
      "added to parsed\n",
      "dumping stack\n",
      "did a pose thing\n",
      "[[-7.73249505e-01 -6.31293718e-01 -5.96107783e-02  5.83801740e+05]\n",
      " [ 6.30882653e-01 -7.75377581e-01  2.78690612e-02  4.09051254e+06]\n",
      " [-6.38144243e-02 -1.60576683e-02  9.97832586e-01  2.89389133e+00]\n",
      " [ 0.00000000e+00  0.00000000e+00  0.00000000e+00  1.00000000e+00]]\n",
      "added to parsed\n",
      "dumping stack\n",
      "did a pose thing\n",
      "[[-7.76357821e-01 -6.28333415e-01 -4.96553497e-02  5.83801614e+05]\n",
      " [ 6.28446071e-01 -7.77703361e-01  1.52649476e-02  4.09051265e+06]\n",
      " [-4.82086090e-02 -1.93546480e-02  9.98649752e-01  2.90562296e+00]\n",
      " [ 0.00000000e+00  0.00000000e+00  0.00000000e+00  1.00000000e+00]]\n",
      "added to parsed\n",
      "dumping stack\n",
      "did a pose thing\n",
      "[[-7.91441420e-01 -6.09496400e-01 -4.62019231e-02  5.83801551e+05]\n",
      " [ 6.10060422e-01 -7.92351432e-01  2.34316718e-03  4.09051270e+06]\n",
      " [-3.80363119e-02 -2.63314851e-02  9.98929373e-01  2.90654087e+00]\n",
      " [ 0.00000000e+00  0.00000000e+00  0.00000000e+00  1.00000000e+00]]\n",
      "added to parsed\n",
      "dumping stack\n",
      "did a pose thing\n",
      "[[-8.20923315e-01 -5.70141633e-01 -3.19910837e-02  5.83801398e+05]\n",
      " [ 5.70672763e-01 -8.21113784e-01 -1.02348124e-02  4.09051283e+06]\n",
      " [-2.04330271e-02 -2.66584362e-02  9.99435750e-01  2.89851284e+00]\n",
      " [ 0.00000000e+00  0.00000000e+00  0.00000000e+00  1.00000000e+00]]\n",
      "added to parsed\n",
      "dumping stack\n",
      "did a pose thing\n",
      "[[-8.55120587e-01 -5.08191693e-01  1.02518220e-01  5.83801219e+05]\n",
      " [ 5.02153193e-01 -8.61079161e-01 -7.99052447e-02  4.09051299e+06]\n",
      " [ 1.28883485e-01 -1.68487681e-02  9.91516599e-01  2.90197039e+00]\n",
      " [ 0.00000000e+00  0.00000000e+00  0.00000000e+00  1.00000000e+00]]\n",
      "added to parsed\n",
      "dumping stack\n",
      "did a pose thing\n",
      "[[-8.77673282e-01 -4.74436908e-01  6.78176270e-02  5.83801165e+05]\n",
      " [ 4.72091131e-01 -8.80229006e-01 -4.82375469e-02  4.09051302e+06]\n",
      " [ 8.25807151e-02 -1.03207059e-02  9.96530937e-01  2.89706683e+00]\n",
      " [ 0.00000000e+00  0.00000000e+00  0.00000000e+00  1.00000000e+00]]\n",
      "added to parsed\n",
      "dumping stack\n",
      "did a pose thing\n",
      "[[-8.96321364e-01 -4.42388523e-01  3.00067794e-02  5.83801129e+05]\n",
      " [ 4.41973426e-01 -8.96812964e-01 -1.96468236e-02  4.09051306e+06]\n",
      " [ 3.56019981e-02 -4.34766863e-03  9.99356591e-01  2.89160419e+00]\n",
      " [ 0.00000000e+00  0.00000000e+00  0.00000000e+00  1.00000000e+00]]\n",
      "added to parsed\n",
      "dumping stack\n",
      "did a pose thing\n",
      "[[-9.03509323e-01 -4.27390211e-01  3.17570670e-02  5.83801102e+05]\n",
      " [ 4.26819528e-01 -9.04035989e-01 -2.33242364e-02  4.09051308e+06]\n",
      " [ 3.86780818e-02 -7.51912864e-03  9.99223433e-01  2.89114022e+00]\n",
      " [ 0.00000000e+00  0.00000000e+00  0.00000000e+00  1.00000000e+00]]\n",
      "added to parsed\n",
      "dumping stack\n",
      "did a pose thing\n",
      "[[-9.10983699e-01 -4.12291279e-01  1.11624673e-02  5.83801085e+05]\n",
      " [ 4.12392843e-01 -9.10960036e-01  9.16276431e-03  4.09051306e+06]\n",
      " [ 6.39083384e-03  1.29504506e-02  9.99895716e-01  2.88363028e+00]\n",
      " [ 0.00000000e+00  0.00000000e+00  0.00000000e+00  1.00000000e+00]]\n",
      "added to parsed\n",
      "dumping stack\n",
      "did a pose thing\n",
      "[[-9.09634596e-01 -4.15357133e-01 -6.58434749e-03  5.83801094e+05]\n",
      " [ 4.15230418e-01 -9.09593759e-01  1.49296243e-02  4.09051304e+06]\n",
      " [-1.21902073e-02  1.08464814e-02  9.99866867e-01  2.89246321e+00]\n",
      " [ 0.00000000e+00  0.00000000e+00  0.00000000e+00  1.00000000e+00]]\n",
      "added to parsed\n",
      "dumping stack\n",
      "did a pose thing\n",
      "[[-9.09348334e-01 -4.15907913e-01 -1.03060898e-02  5.83801102e+05]\n",
      " [ 4.15921437e-01 -9.09400108e-01  8.96086925e-04  4.09051306e+06]\n",
      " [-9.74504879e-03 -3.47166851e-03  9.99946489e-01  2.88955712e+00]\n",
      " [ 0.00000000e+00  0.00000000e+00  0.00000000e+00  1.00000000e+00]]\n",
      "added to parsed\n",
      "dumping stack\n",
      "did a pose thing\n",
      "[[-9.13320124e-01 -4.07149114e-01 -8.71488997e-03  5.83801111e+05]\n",
